P0: 3.20000e+02 0.000000000000e+00 3.20000e+02 0.000000000000e+00 0.000000000000e+00 3.20000e+02 2.40000e+02 0.000000000000e+00 0.000000000000e+00 0.000000000000e+00 1.000000000000e+00 0.000000000000e+00
P1: 3.20000e+02 0.000000000000e+00 3.20000e+02 0.000000000000e+00 0.000000000000e+00 3.20000e+02 2.40000e+02 0.000000000000e+00 0.000000000000e+00 0.000000000000e+00 1.000000000000e+00 0.000000000000e+00
P2: 3.20000e+02 0.000000000000e+00 3.20000e+02 0.000000000000e+00 0.000000000000e+00 3.20000e+02 2.40000e+02 0.000000000000e+00 0.000000000000e+00 0.000000000000e+00 1.000000000000e+00 0.000000000000e+00
P3: 3.20000e+02 0.000000000000e+00 3.20000e+02 -2.5000000000e-01  0.000000000000e+00 3.20000e+02 2.40000e+02 0.000000000000e+00 0.000000000000e+00 0.000000000000e+00 1.000000000000e+00 0.000000000000e+00
Tr: 0.0 -1.0 0.0 0.0 0.0 0.0 -1.0 0.0 1.0 0.0 0.0 0.0 
